"A" "B" "G" "r" "X1" "X2" "X3" "X4" "X5" "X6" "X7" "X8" "X9" "X10" "X11" "X12" "X13" "X14" "X15" "X16"
"29225" 0.1 0.2 0.3 11.6 3e-21 8e-21 1e-20 4e-21 9e-21 6e-21 1.1e-20 2e-21 8e-21 1e-20 4e-21 9e-21 7e-21 1.1e-20 3e-21 8e-21
"29619" 0.1 0.2 0.5 8.6 8e-21 6e-21 9e-21 4e-21 8e-21 6e-21 9e-21 4e-21 8e-21 6e-21 9e-21 4e-21 8e-21 6e-21 9e-21 4e-21
"31223" 0.1 0.3 0.2 10.6 2e-20 1.5e-20 1.9e-20 1.7e-20 2e-20 1.5e-20 1.9e-20 1.7e-20 2e-20 1.6e-20 1.9e-20 1.7e-20 2e-20 1.5e-20 1.9e-20 1.8e-20
"31420" 0.1 0.3 0.3 9.1 1.6e-20 1.9e-20 1.8e-20 1.9e-20 1.7e-20 1.9e-20 1.5e-20 1.8e-20 1.8e-20 1.8e-20 1.8e-20 1.9e-20 1.7e-20 1.9e-20 1.6e-20 1.9e-20
"33422" 0.1 0.4 0.2 10.1 1.9e-20 1.7e-20 2e-20 1.5e-20 1.9e-20 1.8e-20 2e-20 1.6e-20 1.9e-20 1.7e-20 2e-20 1.5e-20 1.9e-20 1.8e-20 2e-20 1.6e-20
"33622" 0.1 0.4 0.3 10.1 9e-21 1e-20 7e-21 1.2e-20 3e-21 2e-21 3e-21 1e-21 6e-21 8e-21 1.1e-20 3e-21 1e-21 5e-21 6e-21 1e-20
"33819" 0.1 0.4 0.4 8.6 5e-21 7e-21 1e-20 2e-21 5e-21 7e-21 1e-20 2e-21 5e-21 7e-21 1e-20 2e-21 5e-21 7e-21 1e-20 2e-21
"35818" 0.1 0.5 0.3 8.1 1.6e-20 1.9e-20 1.7e-20 1.9e-20 1.6e-20 1.9e-20 1.7e-20 1.9e-20 1.6e-20 1.9e-20 1.7e-20 1.9e-20 1.6e-20 1.9e-20 1.7e-20 1.9e-20
"40814" 0.1 0.7 0.6 6.1 3e-21 2e-21 3e-21 2e-21 4e-21 3e-21 2e-21 3e-21 2e-21 4e-21 2e-21 2e-21 2e-21 3e-21 2e-21 4e-21
"51817" 0.2 0.1 0.6 7.6 1.8e-20 1.9e-20 1.6e-20 2e-20 1.4e-20 1.8e-20 1.7e-20 1.9e-20 1.6e-20 2e-20 1.4e-20 1.8e-20 1.8e-20 1.8e-20 1.8e-20 1.7e-20
"53418" 0.2 0.2 0.3 8.1 1.6e-20 2e-20 1.3e-20 1.8e-20 1.7e-20 1.9e-20 1.5e-20 2e-20 1.3e-20 1.8e-20 1.7e-20 1.9e-20 1.5e-20 2e-20 1.3e-20 1.9e-20
"53617" 0.2 0.2 0.4 7.6 1.8e-20 1.8e-20 1.7e-20 1.9e-20 1.4e-20 1.9e-20 1.6e-20 2e-20 1.2e-20 1.6e-20 2e-20 1.2e-20 1.6e-20 2e-20 1.2e-20 1.6e-20
"54015" 0.2 0.2 0.6 6.6 1.7e-20 1.8e-20 1.7e-20 1.8e-20 1.6e-20 1.9e-20 1.4e-20 1.7e-20 1.8e-20 1.5e-20 1.9e-20 1.4e-20 1.7e-20 1.8e-20 1.7e-20 1.9e-20
"54813" 0.2 0.2 1 5.6 2e-21 7e-21 5e-21 8e-21 2e-21 7e-21 4e-21 8e-21 2e-21 7e-21 5e-21 8e-21 2e-21 7e-21 4e-21 8e-21
"55023" 0.2 0.3 0 10.6 7e-21 9e-21 5e-21 1.3e-20 1e-21 7e-21 9e-21 3e-21 1.3e-20 2e-21 9e-21 4e-21 1.4e-20 2e-21 1.1e-20 1e-21
"55617" 0.2 0.3 0.3 7.6 1.3e-20 1.8e-20 1.7e-20 1.9e-20 1.5e-20 2e-20 1.4e-20 1.8e-20 1.7e-20 1.9e-20 1.4e-20 1.9e-20 1.6e-20 2e-20 1.3e-20 1.8e-20
"55817" 0.2 0.3 0.4 7.6 1.4e-20 1.7e-20 2e-20 1e-20 1.3e-20 1.7e-20 2e-20 8e-21 1.4e-20 1.7e-20 2e-20 1e-20 1.3e-20 1.7e-20 2e-20 8e-21
"56015" 0.2 0.3 0.5 6.6 1.8e-20 1.6e-20 1.9e-20 1.3e-20 1.6e-20 1.9e-20 1.3e-20 1.5e-20 1.9e-20 1.4e-20 1.7e-20 1.9e-20 1.4e-20 1.7e-20 1.8e-20 1.6e-20
"56017" 0.2 0.3 0.5 7.6 2e-21 9e-21 6e-21 1.2e-20 3e-21 9e-21 4e-21 1e-20 3e-21 9e-21 4e-21 1e-20 2e-21 9e-21 5e-21 1.1e-20
"56214" 0.2 0.3 0.6 6.1 1.8e-20 1.6e-20 1.9e-20 1.4e-20 1.7e-20 1.7e-20 1.7e-20 1.7e-20 1.7e-20 1.8e-20 1.6e-20 1.9e-20 1.4e-20 1.7e-20 1.7e-20 1.7e-20
"58015" 0.2 0.4 0.4 6.6 1.6e-20 1.9e-20 1.4e-20 1.7e-20 1.7e-20 1.8e-20 1.7e-20 1.8e-20 1.7e-20 1.8e-20 1.5e-20 1.9e-20 1.4e-20 1.8e-20 1.7e-20 1.8e-20
"58016" 0.2 0.4 0.4 7.1 2e-20 9e-21 1.4e-20 1.8e-20 1.8e-20 1.7e-20 1.9e-20 1.1e-20 1.4e-20 1.8e-20 1.7e-20 1.8e-20 1.5e-20 1.9e-20 1.3e-20 1.5e-20
"58214" 0.2 0.4 0.5 6.1 1.8e-20 1.5e-20 1.8e-20 1.5e-20 1.8e-20 1.4e-20 1.8e-20 1.6e-20 1.8e-20 1.4e-20 1.8e-20 1.6e-20 1.8e-20 1.4e-20 1.8e-20 1.6e-20
"60017" 0.2 0.5 0.3 7.6 1.8e-20 1.8e-20 1.8e-20 1.7e-20 1.9e-20 1.1e-20 1.7e-20 2e-20 8e-21 1.2e-20 1.7e-20 1.9e-20 1.4e-20 1.9e-20 1.4e-20 1.9e-20
"60215" 0.2 0.5 0.4 6.6 1.2e-20 1.5e-20 1.9e-20 1.3e-20 1.6e-20 1.9e-20 1.2e-20 1.5e-20 1.9e-20 1.3e-20 1.6e-20 1.9e-20 1.2e-20 1.5e-20 1.9e-20 1.3e-20
"60216" 0.2 0.5 0.4 7.1 1.6e-20 2e-20 5e-21 6e-21 9e-21 1.4e-20 1.6e-20 2e-20 5e-21 6e-21 1e-20 1.4e-20 1.6e-20 2e-20 6e-21 9e-21
"60613" 0.2 0.5 0.6 5.6 1.6e-20 1.8e-20 1.4e-20 1.7e-20 1.8e-20 1.6e-20 1.8e-20 1.4e-20 1.7e-20 1.7e-20 1.6e-20 1.8e-20 1.4e-20 1.7e-20 1.8e-20 1.6e-20
"60614" 0.2 0.5 0.6 6.1 1.1e-20 4e-21 8e-21 1e-20 5e-21 9e-21 8e-21 1e-20 6e-21 1e-20 5e-21 9e-21 9e-21 9e-21 9e-21 8e-21
"60813" 0.2 0.5 0.7 5.6 9e-21 6e-21 1.1e-20 4e-21 8e-21 8e-21 8e-21 9e-21 6e-21 1e-20 5e-21 8e-21 7e-21 9e-21 5e-21 1e-20
"62415" 0.2 0.6 0.4 6.6 1.9e-20 1.3e-20 1.5e-20 1.9e-20 1.1e-20 1.5e-20 1.8e-20 1.6e-20 1.9e-20 1e-20 1.4e-20 1.8e-20 1.6e-20 1.9e-20 1e-20 1.5e-20
"62615" 0.2 0.6 0.5 6.6 2e-21 7e-21 1.2e-20 4e-21 3e-21 2e-21 6e-21 8e-21 1.1e-20 4e-21 2e-21 7e-21 1.2e-20 4e-21 3e-21 3e-21
"64613" 0.2 0.7 0.4 5.6 1.7e-20 1.7e-20 1.7e-20 1.7e-20 1.7e-20 1.7e-20 1.7e-20 1.7e-20 1.7e-20 1.7e-20 1.7e-20 1.7e-20 1.7e-20 1.7e-20 1.7e-20 1.7e-20
"64813" 0.2 0.7 0.5 5.6 1.7e-20 1.7e-20 1.7e-20 1.6e-20 1.8e-20 1.4e-20 1.7e-20 1.7e-20 1.7e-20 1.7e-20 1.7e-20 1.6e-20 1.8e-20 1.4e-20 1.7e-20 1.7e-20
"67012" 0.2 0.8 0.5 5.1 1.7e-20 1.7e-20 1.7e-20 1.7e-20 1.7e-20 1.7e-20 1.7e-20 1.7e-20 1.7e-20 1.7e-20 1.7e-20 1.7e-20 1.7e-20 1.7e-20 1.7e-20 1.7e-20
"67213" 0.2 0.8 0.6 5.6 1.1e-20 6e-21 8e-21 1.2e-20 6e-21 8e-21 1.1e-20 6e-21 8e-21 1.2e-20 6e-21 8e-21 1.1e-20 6e-21 7e-21 1.2e-20
"75616" 0.3 0.1 0.4 7.1 2e-20 1.2e-20 1.9e-20 1.5e-20 2e-20 1.2e-20 1.9e-20 1.5e-20 2e-20 1.2e-20 1.9e-20 1.5e-20 2e-20 1.2e-20 1.9e-20 1.5e-20
"75815" 0.3 0.1 0.5 6.6 1.4e-20 2e-20 1.3e-20 1.9e-20 1.4e-20 2e-20 1.3e-20 1.9e-20 1.4e-20 2e-20 1.3e-20 1.9e-20 1.4e-20 2e-20 1.3e-20 1.9e-20
"76015" 0.3 0.1 0.6 6.6 1.5e-20 2e-20 1.2e-20 1.8e-20 1.6e-20 1.9e-20 1.3e-20 1.9e-20 1.3e-20 1.9e-20 1.3e-20 1.9e-20 1.3e-20 1.9e-20 1.4e-20 1.9e-20
"76215" 0.3 0.1 0.7 6.6 1.6e-20 2e-20 1.3e-20 1.7e-20 1.8e-20 1.7e-20 1.8e-20 1.6e-20 2e-20 1.3e-20 1.8e-20 1.7e-20 1.8e-20 1.6e-20 2e-20 1.3e-20
"77616" 0.3 0.2 0.3 7.1 2e-20 1.1e-20 1.9e-20 1.6e-20 2e-20 1.2e-20 1.9e-20 1.5e-20 2e-20 1.1e-20 1.9e-20 1.6e-20 2e-20 1.2e-20 1.9e-20 1.5e-20
"77815" 0.3 0.2 0.4 6.6 1.4e-20 2e-20 1.2e-20 1.8e-20 1.6e-20 1.9e-20 1.2e-20 1.9e-20 1.4e-20 2e-20 1.1e-20 1.8e-20 1.7e-20 1.9e-20 1.5e-20 2e-20
"78014" 0.3 0.2 0.5 6.1 1.2e-20 1.8e-20 1.6e-20 1.9e-20 1.3e-20 1.9e-20 1.4e-20 1.9e-20 1.3e-20 1.8e-20 1.5e-20 1.9e-20 1.3e-20 1.8e-20 1.6e-20 1.9e-20
"78413" 0.3 0.2 0.7 5.6 1.4e-20 1.8e-20 1.4e-20 1.8e-20 1.4e-20 1.9e-20 1.4e-20 1.8e-20 1.5e-20 1.9e-20 1.3e-20 1.7e-20 1.6e-20 1.8e-20 1.5e-20 1.9e-20
"79618" 0.3 0.3 0.2 8.1 1.2e-20 1.9e-20 1.7e-20 2e-20 1.2e-20 1.9e-20 1.5e-20 2e-20 1e-20 1.6e-20 2e-20 1.2e-20 1.8e-20 1.7e-20 2e-20 1.4e-20
"80216" 0.3 0.3 0.5 7.1 9e-21 1.1e-20 8e-21 1.3e-20 1.2e-20 9e-21 1e-20 9e-21 1.1e-20 8e-21 1.2e-20 9e-21 1e-20 9e-21 1e-20 8e-21
"80413" 0.3 0.3 0.6 5.6 1.7e-20 1.7e-20 1.7e-20 1.7e-20 1.7e-20 1.7e-20 1.7e-20 1.7e-20 1.8e-20 1.5e-20 1.9e-20 1.2e-20 1.6e-20 1.9e-20 1.3e-20 1.6e-20
"80414" 0.3 0.3 0.6 6.1 1.5e-20 2e-20 8e-21 1.2e-20 1.4e-20 1.7e-20 1.7e-20 1.8e-20 1.3e-20 1.5e-20 2e-20 8e-21 1.2e-20 1.4e-20 1.7e-20 1.8e-20
"80613" 0.3 0.3 0.7 5.6 1.9e-20 1.1e-20 1.1e-20 1.1e-20 1.2e-20 1.2e-20 1.4e-20 1.8e-20 1.4e-20 1.8e-20 1.3e-20 1.5e-20 1.9e-20 1.1e-20 1.1e-20 1.1e-20
"80812" 0.3 0.3 0.8 5.1 1.8e-20 1.3e-20 1.6e-20 1.7e-20 1.6e-20 1.8e-20 1.4e-20 1.7e-20 1.5e-20 1.8e-20 1.3e-20 1.6e-20 1.7e-20 1.6e-20 1.8e-20 1.4e-20
"81817" 0.3 0.4 0.2 7.6 1.5e-20 1.9e-20 1.5e-20 1.9e-20 1.5e-20 1.9e-20 1.5e-20 1.9e-20 1.5e-20 1.9e-20 1.5e-20 1.9e-20 1.5e-20 1.9e-20 1.5e-20 1.9e-20
"82015" 0.3 0.4 0.3 6.6 1.2e-20 1.8e-20 1.6e-20 1.9e-20 1.4e-20 1.9e-20 1.3e-20 1.9e-20 1.5e-20 1.9e-20 1.2e-20 1.8e-20 1.7e-20 1.9e-20 1.4e-20 1.9e-20
"82214" 0.3 0.4 0.4 6.1 1.8e-20 1.5e-20 1.9e-20 1.1e-20 1.7e-20 1.8e-20 1.5e-20 1.9e-20 1.1e-20 1.7e-20 1.8e-20 1.5e-20 1.9e-20 1.1e-20 1.7e-20 1.8e-20
"82413" 0.3 0.4 0.5 5.6 1.2e-20 1.7e-20 1.7e-20 1.7e-20 1.8e-20 1.5e-20 1.9e-20 1.2e-20 1.7e-20 1.7e-20 1.7e-20 1.7e-20 1.6e-20 1.8e-20 1.5e-20 1.9e-20
"82414" 0.3 0.4 0.5 6.1 1.5e-20 2e-20 7e-21 1.4e-20 1.9e-20 1e-20 1.5e-20 2e-20 8e-21 1.5e-20 1.9e-20 8e-21 1.5e-20 2e-20 7e-21 1.4e-20
"82614" 0.3 0.4 0.6 6.1 7e-21 1.3e-20 1.3e-20 1.1e-20 7e-21 1.3e-20 1.3e-20 1.4e-20 1.5e-20 2e-20 6e-21 1.3e-20 1.3e-20 1.3e-20 1e-20 7e-21
"82812" 0.3 0.4 0.7 5.1 1.7e-20 1.6e-20 1.8e-20 1.4e-20 1.8e-20 1.3e-20 1.7e-20 1.6e-20 1.7e-20 1.5e-20 1.8e-20 1.3e-20 1.6e-20 1.8e-20 1.3e-20 1.6e-20
"83212" 0.3 0.4 0.9 5.1 1e-21 3e-21 1e-20 1e-21 3e-21 1e-20 1e-21 2e-21 9e-21 2e-21 9e-21 1e-21 7e-21 7e-21 8e-21 5e-21
"84414" 0.3 0.5 0.4 6.1 8e-21 1.4e-20 1.9e-20 1e-20 1.6e-20 1.9e-20 1e-20 1.6e-20 1.9e-20 1.2e-20 1.7e-20 1.7e-20 1.8e-20 1.4e-20 1.9e-20 1e-20
"84614" 0.3 0.5 0.5 6.1 1.4e-20 1.8e-20 1.5e-20 1.9e-20 7e-21 1.4e-20 1.7e-20 1.6e-20 2e-20 4e-21 8e-21 1.5e-20 1.9e-20 7e-21 1.4e-20 1.7e-20
"84812" 0.3 0.5 0.6 5.1 1.7e-20 1.6e-20 1.8e-20 1.4e-20 1.7e-20 1.5e-20 1.8e-20 1.3e-20 1.7e-20 1.7e-20 1.7e-20 1.7e-20 1.6e-20 1.7e-20 1.6e-20 1.8e-20
"84813" 0.3 0.5 0.6 5.6 1.9e-20 8e-21 1.4e-20 1.6e-20 1.9e-20 9e-21 1.2e-20 1.3e-20 1.5e-20 1.9e-20 8e-21 1.4e-20 1.6e-20 1.9e-20 9e-21 1.2e-20
"84814" 0.3 0.5 0.6 6.1 1e-20 2e-21 9e-21 5e-21 1.1e-20 1e-21 1e-20 2e-21 9e-21 5e-21 1.2e-20 4e-21 8e-21 9e-21 5e-21 1.1e-20
"85012" 0.3 0.5 0.7 5.1 1.4e-20 1.7e-20 1.6e-20 1.8e-20 1.3e-20 1.5e-20 1.8e-20 1.1e-20 1.2e-20 1.3e-20 1.4e-20 1.8e-20 1.3e-20 1.4e-20 1.8e-20 1.3e-20
"85013" 0.3 0.5 0.7 5.6 4e-21 1e-20 2e-21 9e-21 5e-21 1.1e-20 1e-21 9e-21 7e-21 1.2e-20 6e-21 1.3e-20 7e-21 1.2e-20 3e-21 9e-21
"87411" 0.3 0.6 0.8 4.6 1.5e-20 1.7e-20 1.4e-20 1.7e-20 1.5e-20 1.7e-20 1.4e-20 1.6e-20 1.6e-20 1.7e-20 1.4e-20 1.7e-20 1.4e-20 1.7e-20 1.5e-20 1.7e-20
"89212" 0.3 0.7 0.6 5.1 1.8e-20 1.1e-20 1.4e-20 1.7e-20 1.5e-20 1.8e-20 1.1e-20 1.4e-20 1.7e-20 1.7e-20 1.7e-20 1.7e-20 1.7e-20 1.7e-20 1.6e-20 1.7e-20
"89213" 0.3 0.7 0.6 5.6 8e-21 1.4e-20 1.3e-20 9e-21 1.1e-20 6e-21 1.2e-20 7e-21 1.4e-20 1.3e-20 1.2e-20 7e-21 1.3e-20 1.2e-20 7e-21 1.3e-20
"89411" 0.3 0.7 0.7 4.6 1.7e-20 1.4e-20 1.7e-20 1.5e-20 1.7e-20 1.4e-20 1.7e-20 1.5e-20 1.7e-20 1.4e-20 1.7e-20 1.5e-20 1.7e-20 1.4e-20 1.7e-20 1.5e-20
"89811" 0.3 0.7 0.9 4.6 4e-21 7e-21 1e-20 3e-21 6e-21 1.1e-20 4e-21 7e-21 1e-20 3e-21 6e-21 1.1e-20 4e-21 8e-21 9e-21 4e-21
"90612" 0.3 0.8 0.2 5.1 9e-21 4e-21 6e-21 3e-21 9e-21 4e-21 6e-21 3e-21 9e-21 4e-21 7e-21 2e-21 9e-21 5e-21 5e-21 4e-21
"91212" 0.3 0.8 0.5 5.1 1.6e-20 1.7e-20 1.4e-20 1.8e-20 1.3e-20 1.7e-20 1.6e-20 1.8e-20 1.3e-20 1.7e-20 1.6e-20 1.8e-20 1.3e-20 1.7e-20 1.5e-20 1.8e-20
"91412" 0.3 0.8 0.6 5.1 1.8e-20 9e-21 1.4e-20 1.6e-20 1.7e-20 1.4e-20 1.8e-20 1.2e-20 1.3e-20 1.6e-20 1.8e-20 1.2e-20 1.3e-20 1.6e-20 1.8e-20 1e-20
"91611" 0.3 0.8 0.7 4.6 1.7e-20 1.5e-20 1.7e-20 1.4e-20 1.6e-20 1.6e-20 1.7e-20 1.5e-20 1.7e-20 1.3e-20 1.6e-20 1.6e-20 1.6e-20 1.7e-20 1.4e-20 1.7e-20
"93811" 0.3 0.9 0.7 4.6 1.7e-20 1.3e-20 1.5e-20 1.7e-20 1.3e-20 1.5e-20 1.7e-20 1.3e-20 1.4e-20 1.7e-20 1.4e-20 1.7e-20 1.4e-20 1.6e-20 1.6e-20 1.6e-20
"94011" 0.3 0.9 0.8 4.6 7e-21 1.2e-20 8e-21 1e-20 7e-21 1.2e-20 7e-21 1.2e-20 8e-21 1e-20 7e-21 1.1e-20 7e-21 1.2e-20 8e-21 1e-20
"96610" 0.3 1 1 4.1 8e-21 8e-21 9e-21 5e-21 9e-21 7e-21 1.1e-20 5e-21 7e-21 1.1e-20 5e-21 6e-21 1e-20 5e-21 5e-21 8e-21
"99615" 0.4 0.1 0.3 6.6 2e-20 1.2e-20 2e-20 1.1e-20 2e-20 1.2e-20 2e-20 1.1e-20 2e-20 1.2e-20 2e-20 1.1e-20 2e-20 1.2e-20 2e-20 1.1e-20
"100014" 0.4 0.1 0.5 6.1 1.8e-20 1.5e-20 2e-20 1.1e-20 1.9e-20 1.4e-20 2e-20 1e-20 1.8e-20 1.5e-20 2e-20 1.1e-20 1.9e-20 1.4e-20 2e-20 1e-20
"102014" 0.4 0.2 0.4 6.1 1.9e-20 1.2e-20 2e-20 1.1e-20 1.9e-20 1.3e-20 2e-20 9e-21 1.8e-20 1.6e-20 1.9e-20 1.1e-20 1.9e-20 1.2e-20 2e-20 1e-20
"102413" 0.4 0.2 0.6 5.6 1.9e-20 1.3e-20 1.9e-20 1.2e-20 1.8e-20 1.3e-20 1.9e-20 1e-20 1.7e-20 1.8e-20 1.5e-20 2e-20 1e-20 1.6e-20 1.9e-20 1.2e-20
"102812" 0.4 0.2 0.8 5.1 1.5e-20 1.8e-20 1.3e-20 1.7e-20 1.5e-20 1.9e-20 1.2e-20 1.7e-20 1.7e-20 1.6e-20 1.7e-20 1.5e-20 1.9e-20 1.2e-20 1.7e-20 1.6e-20
"104014" 0.4 0.3 0.3 6.1 1.9e-20 1.2e-20 1.9e-20 1.4e-20 1.9e-20 1.2e-20 1.9e-20 1.4e-20 1.9e-20 1.2e-20 1.9e-20 1.4e-20 1.9e-20 1.2e-20 1.9e-20 1.4e-20
"104612" 0.4 0.3 0.6 5.1 1.4e-20 1.9e-20 1.1e-20 1.7e-20 1.6e-20 1.8e-20 1.3e-20 1.8e-20 1.2e-20 1.8e-20 1.4e-20 1.9e-20 1.1e-20 1.7e-20 1.6e-20 1.8e-20
"105011" 0.4 0.3 0.8 4.6 1.4e-20 1.8e-20 1.3e-20 1.7e-20 1.4e-20 1.8e-20 1.3e-20 1.7e-20 1.4e-20 1.8e-20 1.3e-20 1.7e-20 1.4e-20 1.8e-20 1.3e-20 1.7e-20
"105012" 0.4 0.3 0.8 5.1 1.7e-20 1.5e-20 1.9e-20 1e-20 1.1e-20 1.3e-20 1.7e-20 1.6e-20 1.7e-20 1.5e-20 1.9e-20 1e-20 1.1e-20 1.3e-20 1.7e-20 1.6e-20
"105211" 0.4 0.3 0.9 4.6 1.3e-20 1.6e-20 1.6e-20 1.7e-20 1.5e-20 1.8e-20 1.3e-20 1.7e-20 1.5e-20 1.8e-20 1.3e-20 1.6e-20 1.6e-20 1.7e-20 1.5e-20 1.8e-20
"105212" 0.4 0.3 0.9 5.1 1.3e-20 1.3e-20 1.4e-20 1.7e-20 1.6e-20 1.9e-20 1.1e-20 7e-21 1e-20 5e-21 1.3e-20 1.3e-20 1.4e-20 1.7e-20 1.5e-20 1.9e-20
"105817" 0.4 0.4 0.1 7.6 6e-21 9e-21 6e-21 1.1e-20 7e-21 8e-21 6e-21 9e-21 6e-21 1.1e-20 7e-21 8e-21 6e-21 1e-20 6e-21 1e-20
"106214" 0.4 0.4 0.3 6.1 1.4e-20 1.9e-20 1.2e-20 1.8e-20 1.5e-20 1.9e-20 1.2e-20 1.8e-20 1.5e-20 1.9e-20 1.1e-20 1.8e-20 1.6e-20 1.9e-20 1.3e-20 1.9e-20
"106413" 0.4 0.4 0.4 5.6 1.9e-20 1.1e-20 1.8e-20 1.5e-20 1.9e-20 1.1e-20 1.8e-20 1.4e-20 1.9e-20 1e-20 1.7e-20 1.7e-20 1.8e-20 1.5e-20 1.9e-20 1.1e-20
"106613" 0.4 0.4 0.5 5.6 2e-20 5e-21 1.4e-20 1.9e-20 7e-21 1.5e-20 2e-20 5e-21 1.3e-20 1.9e-20 7e-21 1.5e-20 2e-20 6e-21 1.4e-20 2e-20
"106812" 0.4 0.4 0.6 5.1 1.1e-20 1.7e-20 1.7e-20 1.7e-20 1.6e-20 1.7e-20 1.5e-20 1.9e-20 1e-20 1.6e-20 1.8e-20 1.2e-20 1.7e-20 1.5e-20 1.9e-20 1e-20
"106813" 0.4 0.4 0.6 5.6 1.4e-20 1.9e-20 7e-21 1.5e-20 2e-20 5e-21 1.4e-20 1.9e-20 7e-21 1.6e-20 2e-20 5e-21 1.4e-20 1.9e-20 8e-21 1.5e-20
"107012" 0.4 0.4 0.7 5.1 1.3e-20 1.8e-20 1.2e-20 1.5e-20 1.9e-20 9e-21 1.4e-20 1.8e-20 1.2e-20 1.5e-20 1.9e-20 9e-21 1.4e-20 1.8e-20 1.2e-20 1.4e-20
"107211" 0.4 0.4 0.8 4.6 1.7e-20 1.3e-20 1.7e-20 1.4e-20 1.8e-20 1.2e-20 1.5e-20 1.7e-20 1.3e-20 1.7e-20 1.3e-20 1.7e-20 1.4e-20 1.7e-20 1.3e-20 1.7e-20
"107611" 0.4 0.4 1 4.6 1.2e-20 1.1e-20 7e-21 9e-21 6e-21 1.2e-20 1e-20 6e-21 1.2e-20 1e-20 5e-21 1.2e-20 1.1e-20 7e-21 1e-20 5e-21
"108414" 0.4 0.5 0.3 6.1 1.7e-20 1.8e-20 1.6e-20 1.9e-20 1.4e-20 1.9e-20 1.1e-20 1.7e-20 1.8e-20 1.5e-20 1.9e-20 1.1e-20 1.6e-20 1.9e-20 1.3e-20 1.9e-20
"108812" 0.4 0.5 0.5 5.1 1.9e-20 1.1e-20 1.7e-20 1.6e-20 1.7e-20 1.4e-20 1.9e-20 1.1e-20 1.7e-20 1.6e-20 1.7e-20 1.4e-20 1.9e-20 1.1e-20 1.7e-20 1.6e-20
"108813" 0.4 0.5 0.5 5.6 1.7e-20 1.7e-20 1.6e-20 2e-20 4e-21 1e-20 1.7e-20 1.7e-20 1.8e-20 1.2e-20 1.7e-20 1.5e-20 2e-20 2e-21 1.2e-20 1.8e-20
"109211" 0.4 0.5 0.7 4.6 1.6e-20 1.6e-20 1.7e-20 1.4e-20 1.8e-20 1.2e-20 1.6e-20 1.6e-20 1.6e-20 1.7e-20 1.5e-20 1.8e-20 1.3e-20 1.7e-20 1.5e-20 1.8e-20
"109212" 0.4 0.5 0.7 5.1 1.3e-20 1.6e-20 1.8e-20 9e-21 1.2e-20 1.3e-20 1.5e-20 1.9e-20 7e-21 1.4e-20 1.9e-20 7e-21 1.4e-20 1.9e-20 8e-21 1.4e-20
"109411" 0.4 0.5 0.8 4.6 1.3e-20 1.6e-20 1.6e-20 1.7e-20 1.5e-20 1.8e-20 1.1e-20 1.3e-20 1.6e-20 1.7e-20 1.4e-20 1.8e-20 1.1e-20 1.3e-20 1.6e-20 1.6e-20
"109412" 0.4 0.5 0.8 5.1 2e-21 1.1e-20 3e-21 1.1e-20 2e-21 1.1e-20 3e-21 1.1e-20 2e-21 1.1e-20 3e-21 1.1e-20 2e-21 1.1e-20 3e-21 1.1e-20
"109611" 0.4 0.5 0.9 4.6 8e-21 9e-21 8e-21 1e-20 8e-21 1.1e-20 8e-21 9e-21 8e-21 1e-20 8e-21 1.1e-20 8e-21 1e-20 8e-21 1.1e-20
"110614" 0.4 0.6 0.3 6.1 1.6e-20 1.9e-20 1.3e-20 1.9e-20 1.2e-20 1.7e-20 1.7e-20 1.7e-20 1.8e-20 1.5e-20 2e-20 9e-21 1e-20 1.4e-20 1.9e-20 9e-21
"110813" 0.4 0.6 0.4 5.6 1.8e-20 1.1e-20 1.8e-20 1.3e-20 1.9e-20 8e-21 1.2e-20 1.9e-20 1.1e-20 1.7e-20 1.6e-20 1.9e-20 8e-21 1.2e-20 1.9e-20 1e-20
"111012" 0.4 0.6 0.5 5.1 1.2e-20 1.7e-20 1.5e-20 1.9e-20 9e-21 1.6e-20 1.8e-20 1.2e-20 1.7e-20 1.5e-20 1.9e-20 9e-21 1.6e-20 1.8e-20 1.2e-20 1.7e-20
"111212" 0.4 0.6 0.6 5.1 1.5e-20 1.9e-20 6e-21 1.2e-20 1.6e-20 1.7e-20 1.4e-20 1.8e-20 9e-21 1.5e-20 1.9e-20 6e-21 1.3e-20 1.7e-20 1.6e-20 1.8e-20
"111412" 0.4 0.6 0.7 5.1 9e-21 1.2e-20 1e-20 1e-20 9e-21 1e-20 9e-21 1.1e-20 9e-21 1.1e-20 9e-21 1.2e-20 1e-20 1e-20 1e-20 1e-20
"111611" 0.4 0.6 0.8 4.6 1.8e-20 1e-20 1.1e-20 1.1e-20 1.2e-20 1.3e-20 1.5e-20 1.8e-20 1e-20 1.1e-20 1.1e-20 1.2e-20 1.3e-20 1.6e-20 1.6e-20 1.5e-20
"111811" 0.4 0.6 0.9 4.6 9e-21 5e-21 1.2e-20 9e-21 6e-21 1.3e-20 1.2e-20 1e-20 4e-21 1.1e-20 4e-21 1.1e-20 5e-21 1.1e-20 6e-21 1.3e-20
"113212" 0.4 0.7 0.5 5.1 1.8e-20 1.1e-20 1.7e-20 1.5e-20 1.9e-20 9e-21 1.4e-20 1.9e-20 8e-21 1.2e-20 1.8e-20 1.3e-20 1.8e-20 1.1e-20 1.7e-20 1.6e-20
"113411" 0.4 0.7 0.6 4.6 1.3e-20 1.7e-20 1.4e-20 1.8e-20 1.2e-20 1.7e-20 1.5e-20 1.8e-20 1.2e-20 1.7e-20 1.5e-20 1.7e-20 1.3e-20 1.7e-20 1.3e-20 1.7e-20
"113412" 0.4 0.7 0.6 5.1 5e-21 6e-21 1e-20 1.5e-20 1.9e-20 4e-21 5e-21 6e-21 1e-20 1.5e-20 1.9e-20 4e-21 5e-21 6e-21 1e-20 1.5e-20
"113612" 0.4 0.7 0.7 5.1 8e-21 1.3e-20 1.3e-20 1.2e-20 8e-21 1.4e-20 1.6e-20 1.8e-20 9e-21 1e-20 7e-21 1.4e-20 1.8e-20 7e-21 1.5e-20 1.8e-20
"114010" 0.4 0.7 0.9 4.1 1.4e-20 1.7e-20 1.3e-20 1.6e-20 1.6e-20 1.5e-20 1.6e-20 1.5e-20 1.7e-20 1.3e-20 1.6e-20 1.5e-20 1.6e-20 1.5e-20 1.7e-20 1.3e-20
"115811" 0.4 0.8 0.7 4.6 1.8e-20 1.1e-20 1.4e-20 1.7e-20 1.3e-20 1.6e-20 1.6e-20 1.6e-20 1.5e-20 1.8e-20 9e-21 1.4e-20 1.8e-20 1e-20 1.4e-20 1.8e-20
"117811" 0.4 0.9 0.6 4.6 1.8e-20 1e-20 1.6e-20 1.7e-20 1.3e-20 1.7e-20 1.3e-20 1.7e-20 1.2e-20 1.6e-20 1.6e-20 1.7e-20 1.3e-20 1.7e-20 1.3e-20 1.7e-20
"118210" 0.4 0.9 0.8 4.1 1.3e-20 1.6e-20 1.5e-20 1.7e-20 1.3e-20 1.6e-20 1.4e-20 1.7e-20 1.3e-20 1.6e-20 1.5e-20 1.6e-20 1.4e-20 1.7e-20 1.3e-20 1.6e-20
"118610" 0.4 0.9 1 4.1 8e-21 9e-21 7e-21 1.2e-20 8e-21 1.1e-20 5e-21 9e-21 6e-21 1.2e-20 1e-20 5e-21 1.1e-20 5e-21 9e-21 6e-21
"120810" 0.4 1 1 4.1 4e-21 2e-21 6e-21 1.1e-20 3e-21 2e-21 4e-21 4e-21 3e-21 1e-21 9e-21 5e-21 9e-21 6e-21 1.2e-20 7e-21
"124013" 0.5 0.1 0.4 5.6 1.9e-20 1.2e-20 2e-20 1e-20 1.9e-20 1.2e-20 2e-20 1e-20 1.9e-20 1.2e-20 2e-20 1e-20 1.9e-20 1.2e-20 2e-20 1e-20
"124612" 0.5 0.1 0.7 5.1 1.9e-20 1.2e-20 1.9e-20 1.1e-20 1.9e-20 1.2e-20 1.9e-20 1.1e-20 1.9e-20 1.2e-20 1.9e-20 1.1e-20 1.9e-20 1.2e-20 1.9e-20 1.1e-20
"124613" 0.5 0.1 0.7 5.6 1.8e-20 1.5e-20 2e-20 1e-20 1.8e-20 1.5e-20 2e-20 1e-20 1.8e-20 1.5e-20 2e-20 1e-20 1.8e-20 1.5e-20 2e-20 1e-20
"126412" 0.5 0.2 0.5 5.1 1.8e-20 1.2e-20 1.9e-20 1.1e-20 1.8e-20 1.2e-20 1.9e-20 1.1e-20 1.8e-20 1.2e-20 1.9e-20 1.1e-20 1.8e-20 1.2e-20 1.9e-20 1.1e-20
"126612" 0.5 0.2 0.6 5.1 1.7e-20 1.5e-20 1.9e-20 1e-20 1.8e-20 1.3e-20 1.9e-20 9e-21 1.7e-20 1.5e-20 1.9e-20 1e-20 1.8e-20 1.4e-20 2e-20 9e-21
"127211" 0.5 0.2 0.9 4.6 1.2e-20 1.7e-20 1.4e-20 1.9e-20 1.2e-20 1.7e-20 1.5e-20 1.8e-20 1.2e-20 1.7e-20 1.4e-20 1.9e-20 1.2e-20 1.7e-20 1.5e-20 1.8e-20
"127212" 0.5 0.2 0.9 5.1 1.7e-20 1.7e-20 1.7e-20 1.6e-20 1.8e-20 1.3e-20 1.7e-20 1.4e-20 2e-20 1.4e-20 2e-20 1.1e-20 1.4e-20 2e-20 1.3e-20 1.9e-20
"127411" 0.5 0.2 1 4.6 1.2e-20 1.7e-20 1.4e-20 1.9e-20 1.2e-20 1.6e-20 1.6e-20 1.7e-20 1.3e-20 1.8e-20 1.2e-20 1.6e-20 1.6e-20 1.7e-20 1.3e-20 1.8e-20
"127412" 0.5 0.2 1 5.1 7e-21 1e-20 7e-21 1e-20 7e-21 9e-21 6e-21 1.1e-20 9e-21 6e-21 1.1e-20 8e-21 7e-21 1e-20 7e-21 1e-20
"128812" 0.5 0.3 0.6 5.1 1.5e-20 1.9e-20 8e-21 1.7e-20 1.6e-20 1.7e-20 1.4e-20 2e-20 7e-21 1.6e-20 1.7e-20 1.6e-20 1.8e-20 1.1e-20 1.8e-20 1.1e-20
"129011" 0.5 0.3 0.7 4.6 1.8e-20 1.1e-20 1.7e-20 1.4e-20 1.8e-20 1.1e-20 1.7e-20 1.4e-20 1.8e-20 1.1e-20 1.7e-20 1.4e-20 1.8e-20 1.1e-20 1.7e-20 1.4e-20
"129211" 0.5 0.3 0.8 4.6 1.8e-20 1.1e-20 1.6e-20 1.7e-20 1.4e-20 1.9e-20 1e-20 1.6e-20 1.7e-20 1.3e-20 1.8e-20 1.1e-20 1.6e-20 1.5e-20 1.8e-20 1.2e-20
"130216" 0.5 0.4 0.2 7.1 1.9e-20 1.3e-20 1.9e-20 1.4e-20 2e-20 8e-21 1.2e-20 1.8e-20 1.7e-20 1.8e-20 1.6e-20 2e-20 9e-21 1.3e-20 1.9e-20 1.2e-20
"130612" 0.5 0.4 0.4 5.1 1.8e-20 1.3e-20 1.9e-20 1.2e-20 1.8e-20 1.3e-20 1.9e-20 1.2e-20 1.8e-20 1.3e-20 1.9e-20 1.2e-20 1.8e-20 1.3e-20 1.9e-20 1.2e-20
"130613" 0.5 0.4 0.4 5.6 2e-20 3e-21 1.5e-20 2e-20 5e-21 1.5e-20 2e-20 2e-21 1.5e-20 2e-20 5e-21 1.5e-20 2e-20 3e-21 1.6e-20 2e-20
"131211" 0.5 0.4 0.7 4.6 1.8e-20 1.1e-20 1.7e-20 1.4e-20 1.9e-20 1e-20 1.6e-20 1.7e-20 1.5e-20 1.8e-20 1.1e-20 1.7e-20 1.5e-20 1.8e-20 1.1e-20 1.6e-20
"131212" 0.5 0.4 0.7 5.1 1.6e-20 1.9e-20 7e-21 1.6e-20 1.8e-20 9e-21 1.4e-20 2e-20 7e-21 1.6e-20 1.8e-20 9e-21 1.5e-20 2e-20 8e-21 1.5e-20
"131412" 0.5 0.4 0.8 5.1 9e-21 9e-21 8e-21 1.1e-20 7e-21 1.4e-20 1.9e-20 6e-21 1.5e-20 2e-20 1.4e-20 1.8e-20 9e-21 8e-21 1e-20 7e-21
"131611" 0.5 0.4 0.9 4.6 1.3e-20 1.6e-20 1.6e-20 1.6e-20 1.6e-20 1.5e-20 1.9e-20 1e-20 1e-20 1e-20 1.1e-20 1.1e-20 1.1e-20 1.2e-20 1.5e-20 1.9e-20
"131810" 0.5 0.4 1 4.1 1.2e-20 1.6e-20 1.5e-20 1.7e-20 1.3e-20 1.7e-20 1.3e-20 1.6e-20 1.4e-20 1.7e-20 1.2e-20 1.6e-20 1.5e-20 1.7e-20 1.4e-20 1.7e-20
"131811" 0.5 0.4 1 4.6 1.3e-20 1.2e-20 1.2e-20 1.1e-20 5e-21 1.4e-20 1.8e-20 1e-20 4e-21 1.4e-20 1.7e-20 1.1e-20 6e-21 1.2e-20 1e-20 5e-21
"132416" 0.5 0.5 0.2 7.1 1.6e-20 2e-20 1.1e-20 1.2e-20 1.5e-20 2e-20 1e-20 8e-21 4e-21 7e-21 2e-21 1.9e-20 1.4e-20 1.9e-20 1.3e-20 1.8e-20
"132613" 0.5 0.5 0.3 5.6 1.2e-20 1.8e-20 1.5e-20 1.9e-20 1.2e-20 1.8e-20 1.5e-20 1.9e-20 1.2e-20 1.8e-20 1.5e-20 1.9e-20 1.2e-20 1.8e-20 1.5e-20 1.9e-20
"132812" 0.5 0.5 0.4 5.1 1.9e-20 1.1e-20 1.7e-20 1.5e-20 1.9e-20 1.1e-20 1.8e-20 1.4e-20 1.9e-20 1.1e-20 1.7e-20 1.5e-20 1.9e-20 1.1e-20 1.8e-20 1.3e-20
"133211" 0.5 0.5 0.6 4.6 1.7e-20 1.5e-20 1.8e-20 1.1e-20 1.7e-20 1.4e-20 1.8e-20 1e-20 1.7e-20 1.5e-20 1.8e-20 1.1e-20 1.7e-20 1.3e-20 1.8e-20 1e-20
"133212" 0.5 0.5 0.6 5.1 8e-21 1.7e-20 1.6e-20 1.9e-20 4e-21 1.3e-20 1.8e-20 8e-21 1.7e-20 1.6e-20 1.9e-20 7e-21 1.6e-20 1.9e-20 7e-21 1.6e-20
"133411" 0.5 0.5 0.7 4.6 1.8e-20 9e-21 1.6e-20 1.7e-20 1.3e-20 1.8e-20 1.1e-20 1.6e-20 1.7e-20 1.5e-20 1.9e-20 9e-21 1.6e-20 1.7e-20 1.3e-20 1.8e-20
"133412" 0.5 0.5 0.7 5.1 8e-21 1.6e-20 2e-20 4e-21 1.3e-20 1.6e-20 1.9e-20 5e-21 1.4e-20 1.9e-20 6e-21 1.6e-20 2e-20 5e-21 1.4e-20 2e-20
"133810" 0.5 0.5 0.9 4.1 1.5e-20 1.7e-20 1.3e-20 1.7e-20 1.2e-20 1.6e-20 1.4e-20 1.7e-20 1.2e-20 1.6e-20 1.5e-20 1.6e-20 1.4e-20 1.7e-20 1.2e-20 1.6e-20
"133811" 0.5 0.5 0.9 4.6 1e-20 7e-21 1.3e-20 1.5e-20 1.9e-20 1e-20 7e-21 1.3e-20 1.5e-20 1.9e-20 9e-21 9e-21 8e-21 1e-20 7e-21 1.3e-20
"134010" 0.5 0.5 1 4.1 1.1e-20 1.3e-20 1.7e-20 1.2e-20 1.4e-20 1.7e-20 1.2e-20 1.4e-20 1.7e-20 1.2e-20 1.4e-20 1.7e-20 1.1e-20 1.3e-20 1.7e-20 1.2e-20
"135012" 0.5 0.6 0.4 5.1 1.7e-20 1.4e-20 1.9e-20 1e-20 1.6e-20 1.8e-20 1.4e-20 1.9e-20 1e-20 1.6e-20 1.8e-20 1.4e-20 1.9e-20 1e-20 1.6e-20 1.8e-20
"135212" 0.5 0.6 0.5 5.1 2e-20 2e-21 1.3e-20 2e-20 3e-21 1.3e-20 1.9e-20 4e-21 1e-20 1.8e-20 1e-20 1.8e-20 9e-21 1.8e-20 1.3e-20 1.9e-20
"135411" 0.5 0.6 0.6 4.6 1.6e-20 1.7e-20 1.5e-20 1.8e-20 1.1e-20 1.7e-20 1.3e-20 1.8e-20 9e-21 1.6e-20 1.6e-20 1.6e-20 1.6e-20 1.7e-20 1.2e-20 1.8e-20
"135810" 0.5 0.6 0.8 4.1 1.2e-20 1.6e-20 1.4e-20 1.7e-20 1.2e-20 1.6e-20 1.4e-20 1.7e-20 1.2e-20 1.6e-20 1.5e-20 1.7e-20 1.2e-20 1.7e-20 1.4e-20 1.7e-20
"137212" 0.5 0.7 0.4 5.1 1.5e-20 1.9e-20 9e-21 1.3e-20 1.9e-20 9e-21 1.4e-20 1.9e-20 9e-21 1.3e-20 1.8e-20 1e-20 1.6e-20 1.7e-20 1.4e-20 1.9e-20
"137811" 0.5 0.7 0.7 4.6 1.5e-20 1.9e-20 6e-21 1.1e-20 1.5e-20 1.8e-20 7e-21 1.4e-20 1.9e-20 6e-21 1.1e-20 1.5e-20 1.8e-20 7e-21 1.5e-20 1.9e-20
"138010" 0.5 0.7 0.8 4.1 1.2e-20 1.6e-20 1.4e-20 1.7e-20 1.1e-20 1.5e-20 1.6e-20 1.5e-20 1.7e-20 1.2e-20 1.6e-20 1.5e-20 1.7e-20 1.2e-20 1.6e-20 1.5e-20
"138011" 0.5 0.7 0.8 4.6 9e-21 1.1e-20 1e-20 1e-20 9e-21 1.1e-20 9e-21 1.1e-20 1e-20 1e-20 1e-20 1e-20 9e-21 1.1e-20 9e-21 1.1e-20
"138410" 0.5 0.7 1 4.1 9e-21 1e-20 8e-21 1.1e-20 9e-21 9e-21 9e-21 9e-21 9e-21 1e-20 8e-21 1.1e-20 9e-21 1e-20 8e-21 1.1e-20
"139011" 0.5 0.8 0.2 4.6 9e-21 5e-21 7e-21 5e-21 9e-21 5e-21 8e-21 5e-21 9e-21 5e-21 7e-21 5e-21 9e-21 5e-21 7e-21 5e-21
"139611" 0.5 0.8 0.5 4.6 1.8e-20 1.1e-20 1.7e-20 1.5e-20 1.8e-20 1.2e-20 1.7e-20 1.4e-20 1.8e-20 1.1e-20 1.6e-20 1.6e-20 1.7e-20 1.4e-20 1.8e-20 1.1e-20
"140011" 0.5 0.8 0.7 4.6 1.6e-20 1.7e-20 1e-20 1.4e-20 1.9e-20 4e-21 5e-21 7e-21 1.4e-20 1.8e-20 7e-21 1.3e-20 1.8e-20 8e-21 1.6e-20 1.7e-20
"140210" 0.5 0.8 0.8 4.1 1.1e-20 1.5e-20 1.7e-20 1.2e-20 1.6e-20 1.5e-20 1.6e-20 1.5e-20 1.7e-20 1.2e-20 1.6e-20 1.6e-20 1.5e-20 1.7e-20 1.3e-20 1.6e-20
"140610" 0.5 0.8 1 4.1 6e-21 1.3e-20 1.6e-20 1.4e-20 1.7e-20 1e-20 6e-21 1.4e-20 1.6e-20 1.2e-20 1.1e-20 7e-21 1.3e-20 1.4e-20 1.7e-20 1e-20
"142210" 0.5 0.9 0.7 4.1 1.6e-20 1.4e-20 1.7e-20 1.2e-20 1.6e-20 1.4e-20 1.7e-20 1.2e-20 1.6e-20 1.4e-20 1.7e-20 1.2e-20 1.6e-20 1.4e-20 1.7e-20 1.2e-20
"142810" 0.5 0.9 1 4.1 7e-21 1.3e-20 1.4e-20 1.7e-20 9e-21 5e-21 1e-20 4e-21 5e-21 8e-21 1.1e-20 4e-21 7e-21 1.3e-20 1.5e-20 1.6e-20
"143010" 0.5 1 0 4.1 4e-21 1.2e-20 6e-21 9e-21 4e-21 1.2e-20 6e-21 1e-20 4e-21 1.2e-20 6e-21 9e-21 4e-21 1.2e-20 6e-21 1e-20
